# mesh name: boxMesh_1
# primitive scorer name: eDep
# iX, iY, iZ, total(value) [MeV], total(val^2), entry
0,0,0,154.5496445918776,9.253740252454453,5730
0,0,1,110.0895604408856,5.768577579073932,4932
0,0,2,86.77118768010612,4.297592739067231,4290
0,0,3,72.78443508883015,3.641352135764459,3777
0,0,4,60.93661314629018,2.838573981569788,3350
0,0,5,50.1852347026368,2.281015906279424,2986
0,0,6,43.56881700222529,1.970657655491951,2659
0,0,7,37.49564412336995,1.562405318871601,2372
0,0,8,32.97881098716694,1.445750177471449,2119
0,0,9,29.51061190250265,1.31046737225434,1922
0,0,10,24.74889102224425,1.109162779436414,1719
0,0,11,21.04237210048743,0.8610579217421941,1538
0,0,12,18.1501092637768,0.6727696443779518,1395
0,0,13,15.70467720839222,0.5905566577943093,1261
0,0,14,13.69106050574877,0.5212498202338163,1142
0,0,15,13.04812263218522,0.5080230417293961,1048
0,0,16,11.75858809389106,0.4535230790267228,956
0,0,17,9.314359197167992,0.279864969553702,848
0,0,18,8.577317589874085,0.3124557403723644,780
0,0,19,7.75101255444181,0.2728290004120738,704
0,0,20,6.958576194469943,0.2750571542242182,649
0,0,21,6.3064759555174,0.248782015186448,608
0,0,22,5.939510566351817,0.2190024540441665,560
0,0,23,5.069322328473213,0.1517146826789792,520
0,0,24,4.453041452575266,0.1007660760516672,487
0,0,25,4.417609206050024,0.1188205274642654,456
0,0,26,3.980763657376484,0.09776076556716431,428
0,0,27,3.88646179386641,0.1393072173247184,391
0,0,28,3.147920083317975,0.08028892692799486,360
0,0,29,2.712008243242137,0.04411515057606573,341
